
1.00000000 -0.00013000
0.99780944 0.00001306
0.99559657 0.00016439
0.99336152 0.00032389
0.99110442 0.00049147
0.98882537 0.00066705
0.98652452 0.00085052
0.98420197 0.00104181
0.98185785 0.00124082
0.97949229 0.00144745
0.97710540 0.00166162
0.97469731 0.00188324
0.97226814 0.00211222
0.96981801 0.00234845
0.96734705 0.00259186
0.96485537 0.00284236
0.96234311 0.00309984
0.95981038 0.00336423
0.95725730 0.00363542
0.95468400 0.00391334
0.95209060 0.00419788
0.94947722 0.00448895
0.94684399 0.00478648
0.94419102 0.00509035
0.94151844 0.00540049
0.93882638 0.00571681
0.93611495 0.00603920
0.93338427 0.00636758
0.93063447 0.00670187
0.92786568 0.00704196
0.92507800 0.00738777
0.92227158 0.00773920
0.91944652 0.00809617
0.91660295 0.00845859
0.91374100 0.00882636
0.91086078 0.00919939
0.90796242 0.00957759
0.90504604 0.00996087
0.90211176 0.01034914
0.89915971 0.01074231
0.89619000 0.01114029
0.89320277 0.01154299
0.89019813 0.01195031
0.88717620 0.01236216
0.88413711 0.01277846
0.88108097 0.01319911
0.87800793 0.01362402
0.87491808 0.01405310
0.87181156 0.01448626
0.86868849 0.01492341
0.86554899 0.01536446
0.86239319 0.01580931
0.85922120 0.01625788
0.85603315 0.01671007
0.85282917 0.01716580
0.84960936 0.01762496
0.84637386 0.01808749
0.84312279 0.01855327
0.83985627 0.01902222
0.83657443 0.01949424
0.83327737 0.01996926
0.82996524 0.02044717
0.82663815 0.02092789
0.82329622 0.02141132
0.81993957 0.02189738
0.81656833 0.02238597
0.81318263 0.02287700
0.80978257 0.02337038
0.80636829 0.02386601
0.80293990 0.02436382
0.79949754 0.02486371
0.79604132 0.02536558
0.79257136 0.02586935
0.78908778 0.02637492
0.78559072 0.02688220
0.78208029 0.02739111
0.77855661 0.02790155
0.77501981 0.02841343
0.77147001 0.02892666
0.76790732 0.02944115
0.76433188 0.02995680
0.76074381 0.03047353
0.75714323 0.03099125
0.75353025 0.03150986
0.74990501 0.03202928
0.74626762 0.03254940
0.74261822 0.03307015
0.73895691 0.03359143
0.73528382 0.03411315
0.73159908 0.03463522
0.72790281 0.03515754
0.72419512 0.03568003
0.72047615 0.03620260
0.71674602 0.03672515
0.71300483 0.03724760
0.70925273 0.03776984
0.70548984 0.03829180
0.70171626 0.03881338
0.69793213 0.03933449
0.69413757 0.03985504
0.69033270 0.04037493
0.68651765 0.04089409
0.68269253 0.04141240
0.67885747 0.04192979
0.67501259 0.04244617
0.67115802 0.04296144
0.66729387 0.04347551
0.66342026 0.04398829
0.65953733 0.04449969
0.65564519 0.04500961
0.65174397 0.04551798
0.64783378 0.04602469
0.64391476 0.04652966
0.63998701 0.04703279
0.63605068 0.04753399
0.63210586 0.04803318
0.62815270 0.04853026
0.62419131 0.04902514
0.62022182 0.04951773
0.61624434 0.05000794
0.61225900 0.05049568
0.60826592 0.05098085
0.60426523 0.05146337
0.60025704 0.05194314
0.59624148 0.05242008
0.59221868 0.05289408
0.58818874 0.05336507
0.58415181 0.05383296
0.58010799 0.05429764
0.57605741 0.05475903
0.57200019 0.05521703
0.56793646 0.05567157
0.56386634 0.05612253
0.55978995 0.05656985
0.55570741 0.05701341
0.55161885 0.05745314
0.54752438 0.05788895
0.54342414 0.05832073
0.53931824 0.05874840
0.53520680 0.05917187
0.53108995 0.05959105
0.52696780 0.06000584
0.52284049 0.06041616
0.51870814 0.06082192
0.51457086 0.06122301
0.51042878 0.06161936
0.50628202 0.06201088
0.50213071 0.06239746
0.49797496 0.06277902
0.49381490 0.06315547
0.48965065 0.06352672
0.48548234 0.06389268
0.48131008 0.06425325
0.47713400 0.06460835
0.47295422 0.06495788
0.46877086 0.06530175
0.46458405 0.06563987
0.46039391 0.06597216
0.45620055 0.06629851
0.45200411 0.06661884
0.44780471 0.06693306
0.44360246 0.06724108
0.43939749 0.06754280
0.43518993 0.06783814
0.43097989 0.06812700
0.42676749 0.06840930
0.42255287 0.06868493
0.41833613 0.06895382
0.41411742 0.06921586
0.40989683 0.06947098
0.40567451 0.06971907
0.40145057 0.06996005
0.39722513 0.07019382
0.39299832 0.07042030
0.38877026 0.07063940
0.38454107 0.07085101
0.38031087 0.07105506
0.37607979 0.07125145
0.37184794 0.07144008
0.36761546 0.07162088
0.36338246 0.07179374
0.35914906 0.07195859
0.35491539 0.07211531
0.35068158 0.07226383
0.34644773 0.07240406
0.34221398 0.07253590
0.33798045 0.07265926
0.33374726 0.07277405
0.32951453 0.07288018
0.32528238 0.07297755
0.32105094 0.07306609
0.31682033 0.07314569
0.31259067 0.07321627
0.30836209 0.07327774
0.30413470 0.07332999
0.29990864 0.07337295
0.29568401 0.07340652
0.29146095 0.07343062
0.28723957 0.07344514
0.28302000 0.07345000
0.28006567 0.07344634
0.27712798 0.07343540
0.27420694 0.07341723
0.27130251 0.07339189
0.26841468 0.07335943
0.26554343 0.07331991
0.26268874 0.07327338
0.25985059 0.07321989
0.25702898 0.07315951
0.25422387 0.07309228
0.25143526 0.07301826
0.24866311 0.07293751
0.24590743 0.07285008
0.24316818 0.07275602
0.24044535 0.07265539
0.23773892 0.07254824
0.23504887 0.07243463
0.23237519 0.07231461
0.22971786 0.07218825
0.22707686 0.07205558
0.22445217 0.07191667
0.22184378 0.07177157
0.21925166 0.07162034
0.21667580 0.07146303
0.21411618 0.07129970
0.21157278 0.07113039
0.20904559 0.07095517
0.20653458 0.07077409
0.20403974 0.07058721
0.20156106 0.07039457
0.19909850 0.07019624
0.19665206 0.06999227
0.19422172 0.06978271
0.19180746 0.06956762
0.18940926 0.06934705
0.18702710 0.06912105
0.18466096 0.06888969
0.18231084 0.06865302
0.17997670 0.06841108
0.17765854 0.06816395
0.17535633 0.06791166
0.17307005 0.06765428
0.17079970 0.06739186
0.16854524 0.06712445
0.16630666 0.06685211
0.16408395 0.06657490
0.16187709 0.06629286
0.15968605 0.06600606
0.15751083 0.06571455
0.15535139 0.06541838
0.15320773 0.06511760
0.15107983 0.06481228
0.14896767 0.06450247
0.14687123 0.06418821
0.14479049 0.06386958
0.14272543 0.06354661
0.14067604 0.06321937
0.13864231 0.06288791
0.13662420 0.06255228
0.13462170 0.06221255
0.13263481 0.06186875
0.13066349 0.06152096
0.12870772 0.06116922
0.12676750 0.06081359
0.12484281 0.06045412
0.12293362 0.06009087
0.12103992 0.05972389
0.11916168 0.05935324
0.11729890 0.05897897
0.11545156 0.05860113
0.11361963 0.05821979
0.11180310 0.05783499
0.11000195 0.05744680
0.10821616 0.05705525
0.10644572 0.05666042
0.10469060 0.05626235
0.10295079 0.05586110
0.10122627 0.05545673
0.09951703 0.05504928
0.09782304 0.05463882
0.09614429 0.05422539
0.09448075 0.05380906
0.09283242 0.05338987
0.09119927 0.05296789
0.08958129 0.05254316
0.08797846 0.05211575
0.08639075 0.05168570
0.08481816 0.05125307
0.08326066 0.05081791
0.08171823 0.05038029
0.08019087 0.04994025
0.07867854 0.04949784
0.07718124 0.04905314
0.07569894 0.04860618
0.07423162 0.04815702
0.07277928 0.04770573
0.07134188 0.04725234
0.06991942 0.04679693
0.06851187 0.04633953
0.06711922 0.04588021
0.06574145 0.04541903
0.06437854 0.04495602
0.06303047 0.04449126
0.06169723 0.04402480
0.06037879 0.04355669
0.05907514 0.04308698
0.05778627 0.04261573
0.05651215 0.04214299
0.05525276 0.04166882
0.05400809 0.04119328
0.05277812 0.04071641
0.05156283 0.04023828
0.05036221 0.03975894
0.04917623 0.03927843
0.04800488 0.03879683
0.04684814 0.03831417
0.04570600 0.03783053
0.04457842 0.03734594
0.04346541 0.03686047
0.04236693 0.03637417
0.04128297 0.03588709
0.04021351 0.03539930
0.03915854 0.03491083
0.03811804 0.03442176
0.03709198 0.03393213
0.03608036 0.03344200
0.03508315 0.03295142
0.03410033 0.03246046
0.03313189 0.03196915
0.03217781 0.03147756
0.03123808 0.03098574
0.03031266 0.03049375
0.02940155 0.03000164
0.02850473 0.02950946
0.02762218 0.02901728
0.02675388 0.02852514
0.02589981 0.02803310
0.02505996 0.02754122
0.02423431 0.02704954
0.02342283 0.02655813
0.02262552 0.02606704
0.02184236 0.02557632
0.02107332 0.02508603
0.02031839 0.02459622
0.01957755 0.02410695
0.01885078 0.02361827
0.01813807 0.02313024
0.01743939 0.02264290
0.01675473 0.02215633
0.01608408 0.02167056
0.01542740 0.02118567
0.01478469 0.02070169
0.01415593 0.02021868
0.01354110 0.01973671
0.01294018 0.01925582
0.01235315 0.01877607
0.01178000 0.01829751
0.01122071 0.01782020
0.01067526 0.01734419
0.01014362 0.01686954
0.00962579 0.01639630
0.00912175 0.01592453
0.00863148 0.01545429
0.00815495 0.01498561
0.00769216 0.01451857
0.00724308 0.01405322
0.00680770 0.01358960
0.00638600 0.01312778
0.00597796 0.01266781
0.00558356 0.01220974
0.00520278 0.01175364
0.00483562 0.01129954
0.00448204 0.01084752
0.00414203 0.01039761
0.00381557 0.00994989
0.00350265 0.00950440
0.00320325 0.00906119
0.00291735 0.00862033
0.00264493 0.00818186
0.00238597 0.00774585
0.00214046 0.00731234
0.00190837 0.00688139
0.00168970 0.00645306
0.00148441 0.00602739
0.00129250 0.00560445
0.00111395 0.00518429
0.00094873 0.00476697
0.00079684 0.00435253
0.00065825 0.00394103
0.00053294 0.00353254
0.00042090 0.00312709
0.00032210 0.00272476
0.00023654 0.00232558
0.00016419 0.00192962
0.00010503 0.00153694
0.00005905 0.00114758
0.00002623 0.00076160
0.00000656 0.00037905
0.00000000 0.00000000
0.00001299 -0.00046219
0.00005178 -0.00091933
0.00011610 -0.00137143
0.00020571 -0.00181854
0.00032033 -0.00226067
0.00045970 -0.00269786
0.00062357 -0.00313012
0.00081166 -0.00355750
0.00102372 -0.00398002
0.00125949 -0.00439770
0.00151870 -0.00481057
0.00180110 -0.00521866
0.00210641 -0.00562200
0.00243438 -0.00602062
0.00278474 -0.00641454
0.00315724 -0.00680378
0.00355162 -0.00718839
0.00396760 -0.00756838
0.00440493 -0.00794379
0.00486334 -0.00831464
0.00534258 -0.00868095
0.00584239 -0.00904277
0.00636249 -0.00940010
0.00690263 -0.00975299
0.00746255 -0.01010146
0.00804198 -0.01044553
0.00864066 -0.01078524
0.00925834 -0.01112061
0.00989474 -0.01145167
0.01054961 -0.01177844
0.01122269 -0.01210096
0.01191371 -0.01241926
0.01262241 -0.01273335
0.01334852 -0.01304327
0.01409180 -0.01334905
0.01485197 -0.01365071
0.01562877 -0.01394828
0.01642195 -0.01424179
0.01723123 -0.01453127
0.01805636 -0.01481674
0.01889708 -0.01509823
0.01975312 -0.01537576
0.02062422 -0.01564938
0.02151012 -0.01591910
0.02241056 -0.01618495
0.02332527 -0.01644696
0.02425400 -0.01670515
0.02519648 -0.01695957
0.02615245 -0.01721022
0.02712165 -0.01745714
0.02810381 -0.01770036
0.02909868 -0.01793991
0.03010599 -0.01817580
0.03112548 -0.01840808
0.03215689 -0.01863677
0.03319996 -0.01886189
0.03425441 -0.01908347
0.03532001 -0.01930155
0.03639647 -0.01951614
0.03748354 -0.01972728
0.03858096 -0.01993499
0.03968846 -0.02013931
0.04080578 -0.02034025
0.04193267 -0.02053785
0.04306885 -0.02073213
0.04421407 -0.02092313
0.04536807 -0.02111086
0.04653058 -0.02129536
0.04770134 -0.02147666
0.04888009 -0.02165478
0.05006657 -0.02182975
0.05126051 -0.02200159
0.05246165 -0.02217034
0.05366974 -0.02233602
0.05488451 -0.02249867
0.05610569 -0.02265830
0.05733303 -0.02281494
0.05856626 -0.02296863
0.05980513 -0.02311940
0.06104936 -0.02326725
0.06229870 -0.02341224
0.06355289 -0.02355438
0.06481166 -0.02369370
0.06607476 -0.02383023
0.06734191 -0.02396399
0.06861286 -0.02409502
0.06988735 -0.02422334
0.07116511 -0.02434898
0.07244589 -0.02447197
0.07372941 -0.02459233
0.07501543 -0.02471010
0.07630367 -0.02482529
0.07759387 -0.02493795
0.07888578 -0.02504808
0.08017913 -0.02515573
0.08147366 -0.02526092
0.08276910 -0.02536368
0.08406520 -0.02546404
0.08536169 -0.02556201
0.08665831 -0.02565764
0.08795480 -0.02575095
0.08925090 -0.02584196
0.09054634 -0.02593071
0.09184087 -0.02601721
0.09313422 -0.02610151
0.09442613 -0.02618362
0.09571633 -0.02626358
0.09700457 -0.02634141
0.09829058 -0.02641714
0.09957411 -0.02649080
0.10085488 -0.02656241
0.10213265 -0.02663200
0.10340714 -0.02669960
0.10467809 -0.02676524
0.10594524 -0.02682895
0.10720834 -0.02689075
0.10846711 -0.02695067
0.10972130 -0.02700874
0.11097064 -0.02706498
0.11221487 -0.02711943
0.11345374 -0.02717210
0.11468697 -0.02722304
0.11591431 -0.02727226
0.11713549 -0.02731980
0.11835026 -0.02736567
0.11955835 -0.02740992
0.12075949 -0.02745256
0.12195343 -0.02749363
0.12313991 -0.02753315
0.12431866 -0.02757115
0.12548942 -0.02760765
0.12665193 -0.02764270
0.12780593 -0.02767630
0.12895115 -0.02770849
0.13008733 -0.02773930
0.13121422 -0.02776876
0.13233154 -0.02779689
0.13343904 -0.02782372
0.13453646 -0.02784928
0.13562353 -0.02787359
0.13669999 -0.02789669
0.13776558 -0.02791860
0.13882004 -0.02793934
0.13986311 -0.02795896
0.14089452 -0.02797746
0.14191401 -0.02799489
0.14292132 -0.02801127
0.14391619 -0.02802662
0.14489835 -0.02804098
0.14586755 -0.02805437
0.14682352 -0.02806682
0.14776600 -0.02807836
0.14869473 -0.02808901
0.14960944 -0.02809881
0.15050988 -0.02810777
0.15139578 -0.02811594
0.15226688 -0.02812333
0.15312292 -0.02812997
0.15396364 -0.02813589
0.15478877 -0.02814112
0.15559805 -0.02814569
0.15639123 -0.02814962
0.15716803 -0.02815294
0.15792820 -0.02815568
0.15867148 -0.02815786
0.15939759 -0.02815952
0.16010629 -0.02816068
0.16079731 -0.02816137
0.16147039 -0.02816162
0.16212526 -0.02816145
0.16276166 -0.02816090
0.16337934 -0.02815998
0.16397802 -0.02815873
0.16455745 -0.02815718
0.16511737 -0.02815535
0.16565751 -0.02815327
0.16617761 -0.02815097
0.16667742 -0.02814847
0.16715666 -0.02814580
0.16761507 -0.02814300
0.16805240 -0.02814008
0.16846838 -0.02813708
0.16886276 -0.02813403
0.16923526 -0.02813094
0.16958562 -0.02812786
0.16991359 -0.02812480
0.17021890 -0.02812179
0.17050130 -0.02811887
0.17076051 -0.02811605
0.17099627 -0.02811338
0.17120834 -0.02811086
0.17139643 -0.02810854
0.17156030 -0.02810644
0.17169967 -0.02810459
0.17181429 -0.02810301
0.17190390 -0.02810173
0.17196822 -0.02810079
0.17200701 -0.02810020
0.17202000 -0.02810000
0.17379284 -0.02809817
0.17565539 -0.02809269
0.17760667 -0.02808361
0.17964568 -0.02807095
0.18177141 -0.02805476
0.18398287 -0.02803505
0.18627906 -0.02801188
0.18865898 -0.02798527
0.19112162 -0.02795525
0.19366600 -0.02792187
0.19629110 -0.02788515
0.19899594 -0.02784513
0.20177952 -0.02780185
0.20464083 -0.02775533
0.20757887 -0.02770561
0.21059265 -0.02765273
0.21368117 -0.02759671
0.21684342 -0.02753760
0.22007842 -0.02747543
0.22338515 -0.02741023
0.22676263 -0.02734204
0.23020985 -0.02727089
0.23372581 -0.02719681
0.23730952 -0.02711984
0.24095997 -0.02704002
0.24467617 -0.02695737
0.24845711 -0.02687193
0.25230181 -0.02678373
0.25620925 -0.02669282
0.26017844 -0.02659922
0.26420838 -0.02650296
0.26829808 -0.02640409
0.27244653 -0.02630263
0.27665273 -0.02619863
0.28091568 -0.02609211
0.28523440 -0.02598310
0.28960787 -0.02587165
0.29403509 -0.02575778
0.29851508 -0.02564154
0.30304683 -0.02552295
0.30762933 -0.02540204
0.31226160 -0.02527887
0.31694263 -0.02515344
0.32167142 -0.02502581
0.32644698 -0.02489601
0.33126831 -0.02476406
0.33613440 -0.02463001
0.34104426 -0.02449388
0.34599688 -0.02435572
0.35099128 -0.02421555
0.35602645 -0.02407341
0.36110138 -0.02392934
0.36621509 -0.02378336
0.37136658 -0.02363552
0.37655484 -0.02348584
0.38177887 -0.02333437
0.38703768 -0.02318113
0.39233027 -0.02302615
0.39765563 -0.02286948
0.40301277 -0.02271115
0.40840070 -0.02255119
0.41381840 -0.02238964
0.41926489 -0.02222652
0.42473916 -0.02206188
0.43024021 -0.02189574
0.43576705 -0.02172815
0.44131868 -0.02155913
0.44689409 -0.02138873
0.45249229 -0.02121697
0.45811228 -0.02104388
0.46375305 -0.02086951
0.46941362 -0.02069389
0.47509298 -0.02051704
0.48079014 -0.02033901
0.48650408 -0.02015984
0.49223382 -0.01997954
0.49797836 -0.01979816
0.50373669 -0.01961573
0.50950783 -0.01943229
0.51529076 -0.01924787
0.52108448 -0.01906250
0.52688801 -0.01887622
0.53270034 -0.01868906
0.53852048 -0.01850106
0.54434742 -0.01831224
0.55018016 -0.01812266
0.55601770 -0.01793233
0.56185906 -0.01774129
0.56770322 -0.01754958
0.57354918 -0.01735723
0.57939596 -0.01716428
0.58524255 -0.01697075
0.59108795 -0.01677669
0.59693116 -0.01658213
0.60277118 -0.01638710
0.60860702 -0.01619163
0.61443767 -0.01599577
0.62026214 -0.01579953
0.62607943 -0.01560297
0.63188853 -0.01540611
0.63768845 -0.01520898
0.64347819 -0.01501163
0.64925676 -0.01481407
0.65502314 -0.01461636
0.66077635 -0.01441852
0.66651538 -0.01422059
0.67223924 -0.01402260
0.67794692 -0.01382458
0.68363743 -0.01362658
0.68930976 -0.01342861
0.69496293 -0.01323073
0.70059592 -0.01303296
0.70620774 -0.01283533
0.71179740 -0.01263788
0.71736389 -0.01244065
0.72290621 -0.01224366
0.72842337 -0.01204696
0.73391436 -0.01185057
0.73937819 -0.01165454
0.74481385 -0.01145888
0.75022035 -0.01126365
0.75559670 -0.01106887
0.76094188 -0.01087458
0.76625490 -0.01068081
0.77153477 -0.01048760
0.77678048 -0.01029497
0.78199103 -0.01010297
0.78716543 -0.00991162
0.79230268 -0.00972097
0.79740177 -0.00953104
0.80246171 -0.00934188
0.80748150 -0.00915351
0.81246013 -0.00896596
0.81739662 -0.00877928
0.82228996 -0.00859350
0.82713916 -0.00840864
0.83194321 -0.00822475
0.83670111 -0.00804186
0.84141187 -0.00786001
0.84607448 -0.00767922
0.85068795 -0.00749953
0.85525128 -0.00732098
0.85976348 -0.00714360
0.86422353 -0.00696742
0.86863044 -0.00679248
0.87298321 -0.00661881
0.87728085 -0.00644644
0.88152236 -0.00627542
0.88570673 -0.00610577
0.88983296 -0.00593754
0.89390006 -0.00577074
0.89790703 -0.00560542
0.90185287 -0.00544161
0.90573658 -0.00527935
0.90955717 -0.00511866
0.91331362 -0.00495959
0.91700495 -0.00480217
0.92063015 -0.00464642
0.92418822 -0.00449240
0.92767818 -0.00434012
0.93109901 -0.00418963
0.93444971 -0.00404095
0.93772930 -0.00389413
0.94093677 -0.00374920
0.94407111 -0.00360618
0.94713134 -0.00346512
0.95011645 -0.00332605
0.95302545 -0.00318900
0.95585733 -0.00305401
0.95861110 -0.00292110
0.96128575 -0.00279033
0.96388029 -0.00266171
0.96639372 -0.00253529
0.96882504 -0.00241109
0.97117325 -0.00228916
0.97343735 -0.00216952
0.97561635 -0.00205221
0.97770923 -0.00193727
0.97971502 -0.00182472
0.98163269 -0.00171461
0.98346127 -0.00160696
0.98519974 -0.00150182
0.98684711 -0.00139921
0.98840238 -0.00129916
0.98986455 -0.00120173
0.99123262 -0.00110692
0.99250559 -0.00101479
0.99368247 -0.00092537
0.99476225 -0.00083868
0.99574393 -0.00075477
0.99662653 -0.00067366
0.99740903 -0.00059540
0.99809043 -0.00052001
0.99866975 -0.00044754
0.99914598 -0.00037800
0.99951811 -0.00031145
0.99978516 -0.00024791
0.99994612 -0.00018741
1.00000000 -0.00013000
